0.008
0.022
0.031
0.035
0.036
0.038
0.05
0.058
0.062
0.008
0.02
0.031
0.045
0.042
0.035
0.059
0.056
0.067
0.009
0.022
0.036
0.047
0.033
0.04
0.057
0.07
0.084
-0.007
0.006
0.022
0.021
0.032
0.031
0.041
0.047
0.063
0.003
0.013
0.026
0.031
0.038
0.042
0.067
0.068
0.086
0.019
0.03
0.038
0.03
0.045
0.038
0.071
0.085
0.088
0.031
0.028
0.049
0.053
0.062
0.06
0.087
0.086
0.095
0.033
0.034
0.048
0.058
0.055
0.063
0.076
0.078
0.091
0.04
0.043
0.048
0.062
0.072
0.067
0.08
0.077
0.094
0.003
0.019
0.032
0.038
0.029
0.027
0.055
0.057
0.055
0.009
0.008
0.031
0.034
0.031
0.031
0.06
0.063
0.059
0.0
0.01
0.037
0.047
0.039
0.033
0.062
0.065
0.07
-0.017
0.002
0.025
0.03
0.03
0.032
0.057
0.053
0.064
-0.001
0.009
0.03
0.046
0.04
0.042
0.07
0.068
0.075
0.009
0.021
0.042
0.046
0.05
0.059
0.079
0.08
0.088
0.021
0.028
0.039
0.056
0.049
0.058
0.08
0.08
0.089
0.033
0.033
0.043
0.048
0.056
0.059
0.089
0.078
0.085
0.04
0.036
0.046
0.066
0.064
0.059
0.09
0.076
0.092
0.01
0.017
0.044
0.053
0.04
0.04
0.072
0.064
0.056
0.0
0.015
0.047
0.046
0.039
0.047
0.076
0.065
0.066
0.001
0.012
0.04
0.051
0.037
0.047
0.081
0.071
0.071
0.0
0.008
0.043
0.051
0.042
0.043
0.079
0.066
0.072
0.01
0.015
0.048
0.065
0.055
0.06
0.089
0.076
0.076
0.024
0.028
0.057
0.073
0.069
0.067
0.097
0.094
0.097
0.029
0.029
0.034
0.072
0.047
0.052
0.093
0.083
0.09
0.047
0.043
0.054
0.057
0.062
0.071
0.109
0.084
0.098
0.054
0.049
0.059
0.074
0.072
0.085
0.124
0.083
0.094
0.104
0.133
0.137
0.13
0.19
0.209
0.243
0.252
0.281
0.091
0.12
0.143
0.141
0.188
0.212
0.247
0.262
0.292
0.088
0.101
0.137
0.146
0.179
0.217
0.247
0.255
0.309
0.066
0.1
0.128
0.13
0.178
0.216
0.248
0.255
0.306
0.06
0.109
0.133
0.12
0.181
0.232
0.252
0.278
0.307
0.091
0.118
0.155
0.158
0.206
0.245
0.274
0.305
0.342
0.108
0.132
0.152
0.147
0.206
0.244
0.282
0.306
0.35
0.126
0.159
0.15
0.162
0.218
0.264
0.286
0.306
0.339
0.153
0.138
0.155
0.164
0.211
0.252
0.278
0.297
0.316
0.158
0.179
0.18
0.194
0.22
0.258
0.289
0.314
0.333
0.166
0.166
0.2
0.194
0.24
0.281
0.296
0.333
0.359
0.14
0.148
0.18
0.189
0.223
0.259
0.284
0.318
0.35
0.12
0.149
0.169
0.174
0.227
0.262
0.285
0.312
0.354
0.132
0.166
0.175
0.185
0.235
0.275
0.303
0.338
0.375
0.153
0.179
0.205
0.208
0.258
0.287
0.325
0.352
0.405
0.172
0.193
0.198
0.218
0.258
0.311
0.328
0.366
0.421
0.205
0.211
0.208
0.222
0.27
0.316
0.336
0.372
0.406
0.215
0.206
0.205
0.214
0.272
0.305
0.323
0.351
0.386
0.225
0.232
0.222
0.247
0.271
0.291
0.34
0.361
0.388
0.228
0.225
0.229
0.242
0.292
0.32
0.363
0.394
0.415
0.188
0.196
0.214
0.238
0.264
0.296
0.327
0.379
0.397
0.177
0.19
0.209
0.228
0.249
0.3
0.33
0.374
0.405
0.185
0.203
0.234
0.253
0.272
0.318
0.347
0.373
0.423
0.207
0.222
0.235
0.272
0.305
0.34
0.37
0.423
0.461
0.227
0.244
0.245
0.276
0.304
0.355
0.395
0.43
0.473
0.268
0.271
0.262
0.272
0.321
0.37
0.391
0.428
0.464
0.269
0.268
0.251
0.266
0.326
0.356
0.393
0.397
0.45
-0.053
-0.037
-0.008
0.004
0.021
0.031
0.042
0.052
0.066
-0.068
-0.042
-0.015
-0.003
0.017
0.031
0.047
0.06
0.072
-0.08
-0.058
-0.02
-0.011
0.019
0.032
0.05
0.063
0.076
-0.088
-0.061
-0.033
-0.013
0.003
0.014
0.048
0.053
0.071
-0.091
-0.072
-0.041
-0.019
-0.002
0.013
0.032
0.043
0.05
-0.074
-0.068
-0.031
-0.009
0.01
0.011
0.05
0.051
0.066
-0.066
-0.049
-0.019
-0.006
0.012
0.025
0.053
0.058
0.077
-0.052
-0.044
-0.025
-0.005
0.02
0.018
0.054
0.058
0.085
-0.052
-0.043
-0.02
-0.016
0.011
0.023
0.045
0.047
0.068
-0.041
-0.021
0.01
0.015
0.03
0.037
0.062
0.062
0.069
-0.056
-0.03
0.005
0.017
0.027
0.039
0.058
0.065
0.072
-0.064
-0.041
-0.014
0.008
0.013
0.031
0.059
0.057
0.067
-0.076
-0.056
-0.027
-0.007
0.003
0.019
0.05
0.049
0.07
-0.075
-0.059
-0.03
-0.005
0.009
0.024
0.056
0.053
0.07
-0.074
-0.052
-0.019
-0.001
0.007
0.025
0.067
0.061
0.078
-0.06
-0.038
-0.013
0.004
0.02
0.036
0.067
0.068
0.078
-0.055
-0.042
-0.014
0.004
0.014
0.026
0.055
0.067
0.074
-0.046
-0.042
-0.012
-0.001
0.013
0.024
0.056
0.059
0.072
-0.014
0.005
0.037
0.045
0.043
0.066
0.093
0.086
0.101
-0.021
0.006
0.027
0.043
0.044
0.059
0.085
0.087
0.091
-0.052
-0.028
0.013
0.015
0.033
0.044
0.08
0.073
0.092
-0.061
-0.035
-0.005
0.008
0.022
0.035
0.068
0.071
0.08
-0.049
-0.028
0.002
0.009
0.028
0.05
0.078
0.082
0.097
-0.042
-0.029
0.0
0.022
0.035
0.054
0.083
0.086
0.109
-0.038
-0.019
0.008
0.029
0.037
0.054
0.091
0.089
0.094
-0.034
-0.014
0.001
0.02
0.031
0.042
0.081
0.071
0.084
-0.031
-0.008
0.003
0.018
0.028
0.048
0.075
0.077
0.09
-0.023
0.01
0.034
0.057
0.1
0.132
0.174
0.21
0.239
-0.028
0.012
0.032
0.054
0.129
0.156
0.192
0.226
0.264
-0.043
-0.004
0.035
0.064
0.113
0.162
0.199
0.238
0.285
-0.065
-0.034
0.023
0.041
0.103
0.148
0.195
0.225
0.261
-0.056
-0.018
0.012
0.043
0.113
0.159
0.192
0.232
0.275
-0.051
-0.009
0.033
0.062
0.116
0.164
0.202
0.245
0.282
-0.035
0.002
0.027
0.051
0.107
0.159
0.201
0.248
0.291
-0.022
0.022
0.023
0.054
0.115
0.141
0.19
0.237
0.279
-0.016
-0.007
0.01
0.034
0.091
0.135
0.175
0.205
0.264
-0.028
0.0
0.023
0.055
0.097
0.124
0.159
0.195
0.225
-0.032
-0.001
0.028
0.052
0.107
0.148
0.183
0.219
0.261
-0.055
-0.012
0.018
0.047
0.104
0.137
0.186
0.217
0.263
-0.077
-0.033
0.005
0.031
0.097
0.132
0.182
0.214
0.26
-0.069
-0.033
-0.005
0.037
0.098
0.138
0.183
0.22
0.266
-0.066
-0.014
0.011
0.046
0.102
0.157
0.193
0.233
0.281
-0.045
-0.002
0.008
0.047
0.102
0.154
0.194
0.226
0.28
-0.021
0.009
0.016
0.045
0.118
0.152
0.192
0.231
0.278
-0.027
-0.0
0.001
0.03
0.092
0.134
0.172
0.208
0.256
0.004
0.041
0.039
0.076
0.114
0.157
0.195
0.234
0.273
-0.0
0.045
0.051
0.076
0.136
0.179
0.21
0.256
0.294
-0.031
0.016
0.05
0.067
0.142
0.168
0.205
0.247
0.294
-0.035
0.01
0.028
0.058
0.113
0.176
0.21
0.264
0.292
-0.04
0.011
0.023
0.071
0.128
0.17
0.203
0.266
0.32
-0.025
0.01
0.022
0.082
0.147
0.18
0.216
0.268
0.306
-0.016
0.022
0.032
0.077
0.123
0.182
0.221
0.264
0.322
0.006
0.043
0.044
0.091
0.136
0.193
0.223
0.28
0.324
0.012
0.03
0.034
0.075
0.123
0.162
0.197
0.245
0.288
-0.048
0.004
0.012
0.034
0.055
0.116
0.197
0.269
0.35
-0.074
0.0
0.023
0.045
0.107
0.171
0.249
0.323
0.405
-0.099
-0.045
0.003
0.006
0.087
0.157
0.254
0.341
0.432
-0.119
-0.057
-0.021
0.009
0.1
0.154
0.265
0.341
0.425
-0.14
-0.069
-0.044
0.001
0.093
0.166
0.235
0.337
0.416
-0.1
-0.044
-0.009
0.024
0.112
0.184
0.274
0.361
0.468
-0.075
-0.018
-0.026
0.025
0.103
0.182
0.269
0.349
0.471
-0.02
-0.014
0.008
0.019
0.108
0.169
0.255
0.332
0.457
-0.01
-0.039
-0.022
-0.003
0.063
0.13
0.229
0.277
0.419
0.008
0.055
0.067
0.079
0.14
0.182
0.252
0.328
0.418
-0.002
0.047
0.086
0.106
0.163
0.22
0.3
0.376
0.471
-0.053
0.014
0.042
0.106
0.158
0.228
0.303
0.365
0.479
-0.073
0.005
0.028
0.078
0.138
0.21
0.292
0.373
0.492
-0.047
-0.013
0.029
0.079
0.147
0.227
0.3
0.384
0.501
-0.035
0.001
0.047
0.082
0.162
0.248
0.336
0.407
0.533
-0.023
0.04
0.054
0.097
0.162
0.25
0.325
0.411
0.526
0.019
0.048
0.064
0.098
0.17
0.24
0.318
0.393
0.515
0.032
0.032
0.044
0.067
0.136
0.194
0.268
0.361
0.472
0.055
0.096
0.099
0.111
0.163
0.243
0.275
0.372
0.475
0.034
0.098
0.112
0.145
0.202
0.253
0.329
0.411
0.518
-0.007
0.057
0.105
0.148
0.193
0.266
0.351
0.446
0.539
-0.02
0.044
0.084
0.111
0.18
0.278
0.33
0.436
0.544
-0.031
0.034
0.085
0.117
0.186
0.273
0.346
0.441
0.558
0.017
0.064
0.08
0.133
0.219
0.279
0.366
0.452
0.562
0.056
0.09
0.086
0.144
0.202
0.299
0.389
0.47
0.579
0.089
0.09
0.107
0.142
0.205
0.285
0.352
0.448
0.565
0.089
0.083
0.082
0.104
0.18
0.24
0.304
0.388
0.528
-0.178
-0.03
0.032
0.083
0.156
0.233
0.333
0.447
0.536
-0.23
-0.031
0.015
0.099
0.231
0.316
0.388
0.484
0.63
-0.253
-0.104
-0.006
0.087
0.188
0.278
0.454
0.526
0.695
-0.301
-0.128
0.004
0.065
0.204
0.283
0.428
0.557
0.692
-0.308
-0.149
-0.041
0.06
0.185
0.328
0.418
0.539
0.671
-0.229
-0.121
0.013
0.087
0.228
0.335
0.46
0.583
0.729
-0.179
-0.088
0.009
0.106
0.205
0.309
0.466
0.581
0.764
-0.134
-0.03
0.01
0.087
0.241
0.314
0.414
0.533
0.711
-0.16
-0.057
-0.028
0.017
0.151
0.211
0.351
0.407
0.633
-0.217
-0.076
-0.0
0.048
0.108
0.189
0.282
0.391
0.481
-0.254
-0.113
0.015
0.057
0.155
0.232
0.364
0.444
0.595
-0.322
-0.137
-0.039
0.06
0.136
0.233
0.373
0.464
0.618
-0.365
-0.166
-0.055
0.016
0.134
0.217
0.373
0.484
0.652
-0.329
-0.168
-0.066
0.024
0.14
0.228
0.392
0.491
0.661
-0.31
-0.168
-0.067
0.026
0.145
0.253
0.408
0.514
0.696
-0.25
-0.113
-0.058
0.065
0.177
0.291
0.387
0.513
0.687
-0.21
-0.1
-0.061
0.03
0.18
0.252
0.371
0.484
0.664
-0.172
-0.117
-0.088
-0.025
0.093
0.173
0.277
0.386
0.576
-0.205
-0.066
0.038
0.082
0.123
0.228
0.285
0.421
0.56
-0.22
-0.074
0.012
0.105
0.167
0.249
0.416
0.505
0.614
-0.302
-0.111
-0.009
0.086
0.184
0.248
0.4
0.487
0.648
-0.316
-0.147
-0.007
0.065
0.165
0.285
0.391
0.516
0.654
-0.293
-0.181
-0.048
0.037
0.156
0.292
0.389
0.536
0.706
-0.256
-0.157
-0.042
0.065
0.172
0.307
0.436
0.539
0.699
-0.201
-0.077
-0.053
0.093
0.172
0.318
0.428
0.534
0.745
-0.145
-0.086
-0.01
0.069
0.175
0.293
0.4
0.515
0.732
-0.107
-0.083
-0.081
0.037
0.102
0.205
0.32
0.398
0.611
-0.594
-0.222
-0.12
0.016
0.13
0.196
0.379
0.628
0.889
-0.655
-0.224
-0.055
0.066
0.26
0.377
0.563
0.788
1.052
-0.73
-0.413
-0.114
0.005
0.156
0.325
0.611
0.816
1.11
-0.765
-0.504
-0.198
-0.002
0.168
0.375
0.616
0.819
1.174
-0.807
-0.519
-0.299
-0.081
0.148
0.378
0.572
0.818
1.116
-0.72
-0.473
-0.17
-0.011
0.198
0.391
0.679
0.916
1.204
-0.559
-0.361
-0.193
-0.039
0.139
0.39
0.563
0.846
1.194
-0.442
-0.247
-0.15
-0.04
0.16
0.314
0.569
0.8
1.101
-0.486
-0.335
-0.284
-0.153
0.042
0.205
0.351
0.532
0.944
-0.591
-0.226
-0.062
-0.022
0.12
0.205
0.395
0.617
0.808
-0.602
-0.259
-0.039
0.082
0.22
0.385
0.576
0.78
1.031
-0.776
-0.387
-0.084
0.052
0.152
0.324
0.589
0.775
1.064
-0.81
-0.453
-0.202
-0.053
0.138
0.281
0.557
0.738
1.108
-0.797
-0.526
-0.289
-0.068
0.118
0.307
0.596
0.733
1.116
-0.718
-0.437
-0.221
-0.036
0.147
0.377
0.652
0.817
1.231
-0.604
-0.338
-0.189
-0.021
0.14
0.357
0.605
0.844
1.165
-0.473
-0.302
-0.186
-0.023
0.178
0.357
0.566
0.781
1.096
-0.442
-0.378
-0.239
-0.128
0.028
0.166
0.385
0.612
0.974
-0.532
-0.182
-0.006
-0.008
0.078
0.303
0.367
0.605
0.804
-0.516
-0.21
0.018
0.033
0.245
0.355
0.619
0.784
1.074
-0.686
-0.382
-0.064
0.003
0.226
0.351
0.574
0.801
1.098
-0.77
-0.418
-0.16
-0.053
0.173
0.345
0.606
0.813
1.116
-0.77
-0.466
-0.209
-0.084
0.128
0.346
0.605
0.835
1.192
-0.663
-0.37
-0.208
0.05
0.203
0.428
0.677
0.865
1.288
-0.605
-0.279
-0.212
-0.021
0.229
0.375
0.673
0.812
1.174
-0.457
-0.27
-0.137
-0.002
0.189
0.371
0.63
0.837
1.189
-0.391
-0.282
-0.184
-0.059
0.1
0.288
0.433
0.65
1.046
