3.913
3.891
3.86
3.83
3.83
3.841
3.839
3.854
3.85
3.901
3.881
3.852
3.828
3.826
3.835
3.834
3.857
3.854
3.902
3.884
3.867
3.835
3.831
3.833
3.844
3.854
3.859
3.903
3.88
3.867
3.839
3.827
3.833
3.833
3.85
3.85
3.919
3.887
3.865
3.843
3.828
3.837
3.838
3.855
3.859
3.919
3.892
3.866
3.841
3.843
3.829
3.851
3.861
3.863
3.901
3.879
3.866
3.834
3.838
3.831
3.845
3.861
3.86
3.897
3.882
3.866
3.835
3.844
3.84
3.846
3.866
3.856
3.893
3.875
3.855
3.841
3.844
3.851
3.86
3.859
3.845
3.983
3.953
3.925
3.903
3.893
3.888
3.896
3.906
3.904
3.984
3.953
3.928
3.905
3.889
3.892
3.891
3.907
3.906
3.995
3.96
3.936
3.91
3.897
3.894
3.895
3.909
3.908
3.997
3.971
3.939
3.919
3.903
3.893
3.902
3.912
3.916
3.992
3.959
3.934
3.911
3.897
3.894
3.899
3.905
3.911
3.987
3.948
3.931
3.904
3.896
3.898
3.895
3.909
3.908
3.982
3.954
3.933
3.902
3.893
3.896
3.902
3.917
3.913
3.982
3.956
3.944
3.912
3.914
3.908
3.917
3.93
3.922
3.987
3.956
3.94
3.913
3.915
3.915
3.928
3.934
3.922
3.977
3.945
3.928
3.899
3.894
3.9
3.903
3.918
3.92
3.962
3.939
3.924
3.899
3.885
3.893
3.901
3.912
3.908
3.966
3.951
3.923
3.903
3.888
3.889
3.897
3.913
3.916
3.971
3.937
3.925
3.908
3.892
3.889
3.902
3.923
3.92
3.981
3.947
3.92
3.911
3.9
3.906
3.914
3.928
3.927
3.971
3.946
3.92
3.901
3.899
3.898
3.912
3.918
3.92
3.955
3.932
3.908
3.892
3.894
3.892
3.906
3.913
3.918
3.971
3.941
3.918
3.902
3.905
3.906
3.925
3.931
3.925
3.977
3.953
3.93
3.919
3.923
3.915
3.942
3.949
3.926
3.965
3.947
3.933
3.924
3.905
3.902
3.9
3.905
3.918
3.982
3.954
3.931
3.931
3.921
3.931
3.912
3.916
3.94
3.972
3.958
3.939
3.941
3.925
3.942
3.918
3.92
3.943
3.969
3.957
3.95
3.933
3.929
3.927
3.902
3.919
3.929
3.971
3.964
3.944
3.927
3.919
3.897
3.9
3.912
3.924
3.996
3.977
3.957
3.941
3.919
3.917
3.919
3.918
3.929
3.991
3.971
3.949
3.931
3.918
3.921
3.919
3.926
3.93
3.997
3.973
3.957
3.921
3.926
3.906
3.914
3.927
3.926
4.002
3.96
3.959
3.936
3.932
3.9
3.917
3.922
3.93
4.124
4.108
4.086
4.073
4.046
4.045
4.037
4.041
4.051
4.126
4.093
4.084
4.065
4.048
4.048
4.039
4.042
4.05
4.112
4.086
4.083
4.052
4.039
4.031
4.024
4.028
4.04
4.108
4.084
4.073
4.053
4.04
4.024
4.026
4.028
4.044
4.115
4.096
4.074
4.05
4.04
4.02
4.035
4.039
4.049
4.116
4.103
4.075
4.052
4.043
4.022
4.028
4.047
4.052
4.121
4.094
4.072
4.054
4.044
4.029
4.026
4.041
4.048
4.124
4.094
4.073
4.055
4.035
4.03
4.032
4.041
4.051
4.126
4.1
4.083
4.075
4.041
4.036
4.044
4.057
4.055
4.158
4.129
4.113
4.1
4.082
4.068
4.078
4.072
4.093
4.129
4.101
4.084
4.069
4.051
4.045
4.052
4.059
4.06
4.121
4.098
4.079
4.078
4.064
4.048
4.06
4.059
4.068
4.139
4.099
4.09
4.083
4.065
4.055
4.059
4.062
4.078
4.144
4.113
4.094
4.083
4.077
4.058
4.046
4.058
4.078
4.139
4.119
4.088
4.089
4.074
4.06
4.071
4.057
4.081
4.144
4.113
4.081
4.07
4.047
4.043
4.063
4.067
4.069
4.16
4.131
4.103
4.079
4.078
4.072
4.084
4.1
4.086
4.181
4.157
4.133
4.104
4.103
4.09
4.119
4.116
4.092
4.068
4.008
3.992
3.918
3.913
3.962
3.956
3.957
3.966
4.059
4.029
3.996
3.926
3.924
3.959
3.977
3.967
3.984
4.054
4.024
4.014
3.92
3.915
3.97
3.968
3.968
3.968
4.045
4.028
4.009
3.926
3.927
3.971
3.97
3.981
3.969
4.05
4.044
4.02
3.951
3.945
3.975
3.979
4.003
3.984
4.056
4.032
3.978
3.917
3.944
3.942
3.962
3.979
3.976
4.046
4.015
3.988
3.916
3.939
3.939
3.953
3.953
3.969
4.092
4.048
4.028
3.956
3.945
3.96
3.985
3.968
3.979
4.088
4.04
4.009
3.965
3.95
3.962
4.012
3.974
3.983
4.139
4.119
4.068
4.005
3.98
4.007
4.014
4.0
3.997
4.143
4.101
4.063
3.984
3.967
3.996
3.99
3.992
3.993
4.139
4.116
4.067
4.0
3.97
3.988
4.011
4.011
4.014
4.146
4.123
4.066
4.018
3.994
3.996
4.023
4.027
4.031
4.155
4.138
4.061
4.012
3.997
4.012
4.029
4.017
4.032
4.161
4.138
4.069
4.006
4.01
4.016
4.023
4.03
4.025
4.151
4.117
4.071
4.007
3.982
4.01
4.026
4.014
4.043
4.154
4.116
4.095
4.019
4.018
4.024
4.027
4.029
4.072
4.193
4.119
4.097
4.016
4.044
4.051
4.048
4.063
4.065
4.229
4.208
4.184
4.103
4.098
4.114
4.131
4.118
4.116
4.217
4.177
4.139
4.097
4.087
4.103
4.105
4.113
4.14
4.216
4.161
4.123
4.076
4.073
4.069
4.103
4.098
4.127
4.232
4.163
4.095
4.055
4.058
4.083
4.098
4.11
4.11
4.219
4.16
4.109
4.069
4.089
4.108
4.131
4.11
4.126
4.206
4.162
4.123
4.068
4.077
4.093
4.12
4.095
4.095
4.203
4.177
4.126
4.065
4.053
4.077
4.096
4.102
4.1
4.225
4.196
4.171
4.082
4.096
4.089
4.132
4.147
4.15
4.257
4.204
4.179
4.108
4.12
4.115
4.147
4.164
4.152
3.73
3.715
3.653
3.606
3.641
3.569
3.62
3.577
3.59
3.745
3.704
3.665
3.618
3.607
3.585
3.59
3.621
3.602
3.781
3.687
3.686
3.635
3.617
3.608
3.616
3.673
3.661
3.787
3.716
3.68
3.666
3.607
3.59
3.623
3.658
3.646
3.743
3.698
3.644
3.65
3.596
3.614
3.642
3.644
3.621
3.736
3.706
3.643
3.604
3.595
3.581
3.611
3.614
3.633
3.783
3.772
3.641
3.615
3.641
3.628
3.636
3.655
3.663
3.785
3.774
3.658
3.61
3.622
3.602
3.632
3.638
3.696
3.799
3.728
3.675
3.649
3.654
3.584
3.66
3.652
3.69
3.858
3.817
3.756
3.677
3.639
3.62
3.654
3.662
3.675
3.866
3.798
3.753
3.683
3.633
3.622
3.641
3.648
3.685
3.878
3.792
3.723
3.695
3.642
3.639
3.654
3.65
3.669
3.856
3.793
3.727
3.668
3.654
3.623
3.649
3.677
3.684
3.867
3.806
3.755
3.672
3.672
3.635
3.678
3.69
3.714
3.853
3.824
3.753
3.677
3.673
3.669
3.707
3.692
3.736
3.85
3.812
3.748
3.664
3.641
3.641
3.678
3.702
3.769
3.891
3.815
3.746
3.692
3.655
3.604
3.658
3.715
3.752
3.924
3.827
3.759
3.718
3.675
3.62
3.718
3.731
3.763
4.098
4.046
4.016
3.979
3.929
3.938
3.926
3.958
3.978
4.11
4.003
3.998
3.964
3.914
3.882
3.9
3.957
3.991
4.083
3.981
3.956
3.929
3.929
3.887
3.878
3.921
3.93
4.131
3.997
3.953
3.932
3.918
3.885
3.922
3.958
3.985
4.09
4.005
3.953
3.918
3.905
3.868
3.926
3.931
4.0
4.085
4.001
3.941
3.91
3.922
3.902
3.9
3.883
3.97
4.111
4.04
3.961
3.907
3.918
3.876
3.898
3.927
3.964
4.15
4.075
4.001
3.95
3.949
3.912
3.966
3.989
4.043
4.213
4.096
4.03
4.015
3.984
3.975
3.999
4.017
4.038
3.647
3.558
3.47
3.507
3.613
3.564
3.654
3.703
3.726
3.645
3.587
3.49
3.546
3.585
3.597
3.61
3.673
3.704
3.667
3.568
3.53
3.507
3.565
3.631
3.656
3.672
3.771
3.67
3.63
3.546
3.496
3.52
3.583
3.695
3.649
3.784
3.701
3.69
3.591
3.606
3.599
3.626
3.763
3.778
3.858
3.678
3.617
3.611
3.624
3.6
3.635
3.746
3.738
3.878
3.673
3.624
3.556
3.581
3.555
3.618
3.692
3.717
3.833
3.661
3.618
3.577
3.564
3.573
3.626
3.709
3.794
3.857
3.643
3.573
3.524
3.545
3.524
3.619
3.704
3.765
3.827
4.087
3.978
3.906
3.9
3.918
3.905
4.054
4.092
4.049
4.113
3.985
3.916
3.939
3.953
3.954
4.069
4.115
4.128
4.102
3.991
3.92
3.928
3.989
4.011
4.101
4.116
4.132
4.125
4.057
3.955
3.93
3.979
4.01
4.096
4.138
4.118
4.102
4.018
3.966
3.911
3.96
3.993
4.054
4.138
4.199
4.123
3.993
4.006
3.907
3.89
3.944
4.077
4.123
4.244
4.151
4.036
3.967
3.913
3.932
3.987
4.073
4.113
4.22
4.147
4.044
3.941
3.952
4.019
4.075
4.124
4.169
4.242
4.156
4.029
3.965
4.014
4.023
4.023
4.149
4.234
4.214
3.919
3.833
3.715
3.796
3.756
3.827
3.862
3.927
3.982
3.883
3.772
3.702
3.737
3.761
3.669
3.827
3.857
3.997
3.874
3.761
3.69
3.659
3.762
3.708
3.831
3.861
3.993
3.873
3.84
3.758
3.719
3.758
3.796
3.922
3.956
3.996
4.028
3.91
3.855
3.763
3.807
3.905
3.941
4.019
4.064
3.887
3.807
3.759
3.759
3.767
3.851
3.888
3.926
4.026
3.847
3.789
3.726
3.77
3.747
3.784
3.833
3.894
4.038
3.933
3.84
3.79
3.777
3.8
3.782
3.864
3.962
4.046
4.021
3.891
3.837
3.872
3.883
3.902
4.085
4.102
4.132
1.084
1.241
1.242
1.352
1.569
1.503
1.684
1.893
1.936
1.284
1.32
1.365
1.584
1.629
1.706
1.901
2.005
2.078
1.401
1.389
1.542
1.584
1.738
1.841
2.062
2.091
2.082
1.373
1.345
1.559
1.566
1.759
1.835
1.996
2.008
2.095
1.361
1.391
1.507
1.531
1.756
1.801
2.016
2.002
2.144
1.396
1.463
1.588
1.541
1.743
1.979
2.026
2.096
2.25
0.612
0.683
0.669
0.336
-0.045
-0.577
-1.234
-1.369
-0.963
0.352
0.113
0.178
-0.482
-1.127
-2.287
-3.38
-3.553
-3.035
1.336
1.222
1.384
1.356
1.365
1.411
1.525
1.552
1.822
1.85
1.941
1.9
2.014
2.249
2.362
2.471
2.604
2.632
1.899
1.943
1.96
2.126
2.339
2.44
2.584
2.63
2.773
1.935
2.062
2.098
2.211
2.393
2.501
2.733
2.736
2.803
2.027
2.121
2.122
2.202
2.452
2.485
2.694
2.81
2.834
2.012
2.058
2.077
2.15
2.398
2.429
2.632
2.776
2.893
1.984
2.049
2.102
2.258
2.348
2.464
2.76
2.816
2.939
1.288
1.238
1.2
0.944
0.412
-0.353
-1.041
-1.042
-0.59
0.924
0.74
0.621
0.131
-0.733
-2.065
-3.332
-3.457
-2.761
1.973
1.935
1.962
2.003
2.037
2.078
2.162
2.178
2.461
1.191
1.252
1.282
1.321
1.507
1.529
1.69
1.888
1.961
1.252
1.244
1.2
1.336
1.61
1.716
1.775
1.87
2.021
1.267
1.227
1.328
1.492
1.57
1.658
1.888
1.914
2.074
1.276
1.387
1.302
1.474
1.576
1.68
1.832
1.897
2.127
1.193
1.299
1.182
1.283
1.42
1.619
1.764
1.815
2.037
1.128
1.249
1.329
1.344
1.472
1.662
1.802
1.863
2.021
0.441
0.389
0.342
0.028
-0.454
-1.285
-1.973
-2.071
-1.615
0.161
-0.057
-0.246
-0.686
-1.562
-2.956
-4.276
-4.418
-3.8
1.304
1.178
1.141
1.295
1.29
1.185
1.233
1.42
1.525
